


   ________          _______          ______
19 13 12 23 10 16 17 18 19 3 5 6 7 13 17 2 2 2 2 8 8 12 18 23 25
      K1^⁻1             K1             K2^-1
   ________          _______          ______            _____
19 13 23 12 10 16 17 18 3 19 5 6 7 13 2 17 2 2 2 8 8 12 18 23 25
                                                   nicht äq. Operation
                                                        _____
19 13 23 12 10 16 17 18 3 19 5 6 7 13 2 17 2 2 2 8 8 12 23 18 25





Multiply:

1 2 3 4 5

9 8 7 6 5
